750
228
87
223 224
911 290
202
857 150
984 636
813 580
199 609
125
951
570
241
329
347
98
140
455 801
663
23
567
596
171 553
127
861 183
71 339
461 422
352
761
22
775
441
321 894
272
301
488
736
38
735 901
643 670
399 912
50
155 662
615 758
759 991
825 797
949 386
344 26
34
770 716
262 676
382 243
928 552
139
550
99 961
93 927
898 930
204 492
459 547
181
254
196
436
973 753
588
760 84
52 620
394 47
516
4
929 833
401 630
128 226
817 355
551
558 617
55 521
947 856
148
892 410
359 51
820
109
251
471 259
458 952
873 392
367
302
28
1
81
450
228
87
211
622 490
712
431
744 818
982 49
189
724
201
121
168 157
896
19
114 257
707
858 534
484 996
765 635
502
468
280 160
48
688
715 337
162 248
773 438
414 104
416
332
387
138 511
11
298
216
560
576
3
207 395
507
430
333
524 517
119 8
518 503
227 957
499
723
627
203
793 904
106
644
309
536
147 571
497
432 200
159
370
404
546
149
532
743
6 97
704
174
853 191
63
505
113
510 242
415 689
156 675
300
89
446
406
210
245
25
602
29
769 985
103
294
705 118
805 726
768
145
247
255
855
102 252
236 12
263 345
485
13
606
230
681 206
837 31
799
167
9
60
197
654
275
70
154
701 513
591
964
605
633 522
504
166
296
479
559
40 331
169 343
612 710
41
433
269 64
411
714 470
752 375
217
126 0
62
977 995
741
219
278
299
618 934
187
781 940
377
232
872 749
529 372
287
44 221
424 573
483
740 94
117 903
398 134
179
194
467
815
728
277
361
778
340
107
212
918 624
988 751
164
960 304
841 289
774 657
583 566
5
652
645
35
358
233
452 116
92
808 250
956 563
313
163 402
462
409 953
27 915
303
840 285
67 129
871 137
746
143 353
913
482 338
936
814 152
967 838
311
444 133
393
225
836
706
638
920 937
120
889
664 288
887
629
943 543
100
74
86 832
803
312
330 659
83
860
403 481
270 788
265
823
460
784
868 686
572 884
261
472
725
10 600
421
376 700
941 350
545 57
165 990
364
473
360
295 198
614
7
963
779
88 307
601 238
91 674
39
69 876
786
881 902
680
56
281
862 443
391
796 383
542 190
631 993
284
581 101
76 568
926
754
405 619
496 32
975
85 407
696 478
45
974 495
669
865
324 684
514
222
480
604
713
306 590
451
745
220
319
258
111
423
756
899
115 932
695 388
96 586
457
267
692
274
253 327
68 795
178
279
919 79
594
830
80 599
176
417 979
708
886
454 562
939
846 750
429
24
260
767
867
328
671
776
475 173
16
73
931
249 709
592
14
43
110
293
400
229
464 256
283
732
565
82 151
834 445
75
616
755
184
515
463
727
613
209
777
812
729
922
880
223 703
987
20 65
762 131
582 806
77
205
193
994
141
628 427
879 428
90
314
494 910
266 124
734
408 666
509
557
112
132
276
42
491
348
439
923
323
135
208
852
878
829
30 721
325
389
474 390
315
136
17
316
334
356
933
142
362
342
425
698 828
292
648
702
888
240
268
435
677
802
575
970
282
456
526
525 72
835 661
273 603
787
177
477
21
53 466
320
170
486
317
357
351
556
763 341
611
235
519
720 66
959
305
413 449
584
412
291 18
849
379
493
826
33
597
847 980
59 487
850
800 608
297 46
385 653
239
182 683
374
349
528 130
822
742
533
866 737
658
965 782
105 246
153 958
679
819
346
378
667
548 981
381
848
397
623
845
396
448
682
771
508
539
625 916
827
722
978
231 318
506
730
632 371
718
354
561
647
500
906
447 95
650
924
538
214 180
875
453
843
811
426 15
369
554
186
757
595 824
921
809
711 218
365 244
907
785
122
804
877
520
530
380
687
326
791
540
549
489
641
992
440
719
962
54 891
972
655
501 434
569
895
420
844
738
905
640
821
419 544
574
807
541
942
555
831
531
108 335
969
192
642
863
693
213
621
656
678
747
668 146
535 537
780
955
764
717 271
870
322 885
893
626
587 946
672
733
772
859
579 185
637 368
577 373
699 469
651 234
935
694
195 527
986
610
224 61
144 215
792
997
864
869
944
123 310
897 607
766
646
790
690
685 665
890
874
917
976
883 578
908
950
839
948
794 816
585 634
882 660
925
938
998
954
842
172 437
966
983
465 336
593
308
639
649
691
748
851
854
900
914
971
989
909 731
789 418
175 384
58 798
523 188
945 697
366 158
264 2
36 476
37 498
598 237
564 968
999 810
589 673
783 512
161 363
